Alphabetisohos Verzeichnis der Vorfasser und Empfiingor der Depeschen etc. 77 l

487·489. 501. 502. 531. 540. 544. 549.
556. 559. 561. 566. 571. 580. 582. 585.

595. 596. 645. 648. 650.

Rom, Archivio segreto Vaticano 2. 6-8.
10. 18. 25. 82. 95. 97. 104. 106. 109.
111. 118. 120. 132. 136. 139. 160. 167.
171. 184. 187. 193. 196. 204. 214. 222.
223. 230. 232. 237. 249. 255. 258. 262.
263. 272. 277. 290. 298. 299. 303. 310.
316. 317. 367. 373. 378. 392. 409. 433.
435. 445. 446. 465. 469. 480. 490. 504.
509. 512. 533. 540. 549. 573. 578. 579.

584. 585. 587. 592. 652.
-,- Archivio consistoriale 100.

—‚ Biblioteca Barberiniana 3. 9. 22. 75.
83. 87. 94. 100. 102. 110. 111. 121.

126. 128. 133. 137. 138. 153. 158. 174.
175. 182. 186. 198. 202. 213. 229. 237.
243. 255. 258. 260. 261. 271. 272. 276.
289. 290. 315. 385. 469. 497. 520.
Rom, Biblioteca Chigiana 13-15. 17.
-, Biblioteca Vaticana 75. 107. 182.
206. 290. 355. 357. 579. 581. 595.
Siena, Archivio Mignanello 695ff.
Venedig, Ambivio di Stato 5. 10. 309.
497.

-, Biblioteca Marciana 4. 655. 659. 661.
662. 665. 667. 670. 672. 676. 680.
wien, K. Κ. Haus-‚ Hof— und Staats-
archiv 5. 25. 82. 94. 189. 344. 403.

682. 683. 684. 685. 686. 690. 691.
694.

w ι . ι N« ..t-'5⁴0⁴‘ «Α, *ww ⁸..wa

49*

