No. 126: 1546 Μὲἰη 1. 568

ambasciatori di Protestanti ‚ laqual perh deve dare hoggi alle 22 hore,
3113 333 1111 3311333333 il ssnrriern 3113 va in Augmsta, 333 1311331’ 3333313113

11113133 111111 dfe der 111-1113311111113311311 fat-sim 111111 31111313, die 1111311 ‚qm-eunt 11111-
1111111333 warsten, fluminumierhfssi-It. Der Ffflrflntinaezr 1133133131,- ἹΙ11333313 111 1133 133311
5 Γ1133 3 33133 nielli 113 31311311 13311131311, Palm 113111 1111131331. 11 113111 31311311
3311333131 1 1313 signori 1131· 31 desiderit* 31 ’1111333 mlum& 3113 1311311333 111 11311313
333331311313 31 3313113313 13 3333 113113 13113 1131- rutile 31 11111313 3313313313 113113 (131·-
313313ἱ 1111113111 3131111311 3 3333113313 3 3113 1113331711. 3113 31 1111131133 tlt-guare 111 itm-affl
1111313113 1111113 133333, medianto· 31 1111313 ai 11313333 dmi 1131113111· furum, 31 3113 13113,
10 33133 1113311111 dall· 1131131111 333113 obligati 1311311113 31 3111131111, 3311311113113 di 1111·
agni 33113 3 lum 1133313113, 11313113 111 1131133113 113313 313333ἘΓ 31 113313 masmanna:-
113111 3113 11311 fusse 1131- 13333313 3 Eun 11133313 ugni 113113 3113 11111 111-3313 113-

 

311133313313 31 1131313133313 11313333 111-3131131·νὶ 3113 1131 1111311111. 1113 3113 1131333. lurc-
11311313 1111333 311τ 3113 1111333333, 1131· 31 133333 dell* 31313, 3Ε1131333 111 3333113, 111133
15111 13113 31 31111 1111111, 1 1111311 333 113113111111311 3333 perh 333313 33333 grave 1131133
113113 1111133111 Eun* 33311113311331, 33133 11111333, 13 13133 11311* 113113τὶ3. 31 333 11113313
31 31113 3113111 1131313 133113 1131311313313 la 333311331333 31 333 1113113 1331311113. 3
11313131 sare 1111313113 1111111111 111-3113131111, 11113 1333133113 111 1-3333313311333 *nidamenta
31 13333113 111 13313313. 1131131333 11111111 11 33111333131311 1111313311Ῐ 311331· 11113 humi*
2011331313313313 31 333 13331113 mansuetudine.. 1113311113 311313 113113 1113111 11333313 111-3
1131- Sua. Maeflth. 31313 3111133111 31 111-31313 33Ί, 333 &gill-n 3113 11131 3311 31 1311311113
33331113 33333113ΕΓ 33 111-1133 3113 33 33 11333333· 1133 3311333131 31 3113 333113 111 11113-
33313 1111113 3113113 11113313 13 Τπ31113, 333 3311311333 33Ὶ 1131111 1Ἱι3113113 3113113 33133
113 33 3 11313 3311 3311333311 111 Sua 1111133111-Ὶ 111 1111313 33111111331333 3 1131313 33331Ιης
25 11313 13311 11311313 3331 3331133313 31- stabilito 33113 113113 111313. - Eia-2⁶51& Nc‘iherfl
,11131133 1131111 die 31111131 113113 33113 1311311133 111 13 di 3131311 1545 111 den [111113 (131--
11131333 [stim iffi) 111 Ε’111131131 Τ313311113 ’Π1111131-331 111 1131131 guerra 3311131 111 1313
[da] Sua 1111133111, 11 pontificu: 31 1111 11 [1311131131 111 Ger-manin, 1133113· 1333113111 1113-
11333131311 all* imperatore 3113 Suu. Mafflth 31111 vngl'ffl. interprtffldflffl guen-n 31111113
801313 1131· 331133 1131111 111-1131333, 313 3113 mgna mmm 11131131 11111131 31 3311-
1133131111 133111, 31111 11 1111311 vag-liu 11333133-11313 113313 331133 31 333 1131- 1113 11311113,
3113 33113 111 131111 13133 111 Germania 31 113 1“11111131“111; 3113 33113 331133 1131 13333113
111 Ι33131113 Sua 111333ῑὲ1 1135113 1113333313 333 11111 3133133113 31 3113 11351111 1333131111
331113 33111 3111111111 33113 333 11133333 3133 3 33 33113 111-3111331111 3331111131 3113 11311
35111333 33133311 33111113 31 33331113 111 Τ11311131 313 3113 Sua 1113331111 11 33333113 113 3311111·
111113, 33133 11 lm 111-3133333, per 11311313 31 13 333113331313 3-1 11111111 313133333111131113
3111311311-31 31 1111331111 11311 *anglia 11113313, 11 3311133113 1131133113 31 1111333 3311311111
3311113313 13 1131313313, 1131 11111113 Sua Mflfflfit, 11 31331311 31 11 31111 111-1331111 113113
imperia] 3311 1333131311113 113111 11331131 pi& 113311 31 111 331113 vita 1113113 giudici. 31
4011113313 fu 13 111-3111131111133 generula: 111 11311133111113 fu: 3113 1’3131133313131·3 1131 111133
1113311113 111 1113133111 113333 3 33113313 3113 patrone 31133. al ,1111111 1131 duca 111 13111333-
11311, 333 11113 3113 11311 313 31313 111-333 33113 13 fede 111 3333 111 33331113, per-sah& 1133
31 1111113111 31111 3113 egli 1Ἰ13111113 3331331313. 11113113 111 lantgravio 1131· 3311113313 3133
3113 13 13133331 111333 3113 rhu-feva 13113 13 1133313 guerra 31 13 3113 [1313331333 111113
45 3113 133111. 11 11111313 3113 31 3331111 111 3133331311 31133 111 sunta* 331113 3331331333 111.
3311111331· 31. 333113 guerra, 3113 nonnul-harh 13 11333 31 111. 1131313 113113 rengione 1331.

1111111111 1131 311311Ί Palatium 11 1111111113 3 33113111· 31111 1111113113, 11313111* 1111111111 31111. 111313
iffi*

1546
Mra. 1

Diqissized by Google

