764

Toled0, Francesoe, kaiserlicher Konzils·

gesandter 347. 412. 512. 519. 520. 526.
- 530. 532. 538. 539. 549. 551. 652. 653.
670. - Sekretiir 679.

-, Pedro s. Neapel.

Tolosa, Messer quceseo, kaiserlicher
Fut-ier 292. 293.

Tornielli, Grafen 271.

-, Graf Filippo 263. 271. 272. 276. 277.
401. 445.

Torre, conte Michele, Gouverneur der
Kinder K. Perdinands: Verwandter
(parente) 139.

Tot-tona 315.

Toumon, Franz, Erzbischof von Anah,
ΚΒΑ-(1111811529, † 1562: 337. 342. 494.
495. 501.

Trani, Erzbischof Giovanni Domenico
Cupi, Kardinal 1517, † 1553: 170.
Transsilvanien 89. 126. 601. 608. 660. -

Frate Georgio di —, s. Grosswardein.

Treport i. d. Normandie 297.

Trient, Bisehof christoforo Madruzzo 1539,
Kardinal 1544, † 1578: 23. 25-28. 32.
91. 94. 109. 110. 119-122. 125. 133.
140. 153. 155. 171. 181. 182. 246. 249.
255. 258. 274. 278. 306. 311. 323. 356.
364. 378. 387. 390. 391. 398. 438. 444.
497. 505. 529. 540. 542. 549. 551. 559.
571. 578. 590. 592. 612. 652654. 682.
683. 695. - Sekretiir s. Sick3 Sekretiir
Aurelio s, Cattaneo. -— Agent e. Ra-
(licie.

—-‚ stadt 5. 15. 16. 22-25. 27·29. 45. 47.
49. 71. 74. 80. 82·84. 87. 90-95. 97.
98. 100. 101. 107. 110. 113. 115. 119.
120-125. 127. 131-133. 135-138. 142.
153. 160. 167. 171. 172. 174. 179. 182.
193-198. 200202. 213. 216. 218. 221.
222. 225. 226. 237. 238. 243. 249. 250.
254. 260. 271. 272. 276. 281. 286. 288.
294. 298. 299. 306. 311. 317. 319. 320.
323325. 330. 332. 334. 340. 341. 345.
346. 351. 354. 356. 357. 385. 387. 407.
415. 423. 432. 433. 440. 441. 452454.
458. 469. 470. 482. 483. 486. 493. 494.
497. 501. 508510. 515. 519. 520. 526.
528. 530. 532. 536. 538. 551. 559. 563.

Alphabetisohes Regieter der Orts- und Potamon-Numen.

564. 577. 584. 585. 590. 592. 594. 600.
613. 617. 640. 643-645. 647. 649. 653.
654. 663. 664. 695. 697. 702. 704. 710.

714. 716. 720. 722. 733. 734. —· Post·
meister 195.

Trient, Konzil 1545-154‘1: 6. 15·18. 20.
22-24. 26. 27. 45-50. 53. 69. 71. 73. 74.
80. 82. 83. 86. 87. 89-93. 95-101. 108-
111. 113-115. 119. 121-125. 127·139.
142. 148·155. 159-168. 170-172. 176-
180. 182. 184. 186489. 191-201. 203.
207. 210. 211. 215. 216. 226-230. 235.
238. 240. 241. 243. 248-256. 262. 263.
265. 269271. 278. 279. 291. 295. 299.
309-311. 315-318. 320-335. 340-343. 345.
346. 349-352. 354. 358. 372. 374. 381.
383. 386. 393. 397. 398. 414. 432. 435.
441·443. 445. 446. 450. 452454. 456-
458. 468-473. 477. 478. 481-484. 493.
494. 499-503. 507. 509511. 515. 522.
532. 536. 539-541. 547552. 554. 559.
562-564. 568. 572. 574. 578. 579. 581.
583. 585. 590. 594. 607. 608. 610-613.
617. 618. 627-632. 638. 640-644. 647-
649. 652. 653. 659. 662·667. 669. 684.
697-700. 702. 704. 706. 707. 709-711.
713. 714. 716. 718-734.

—, - Legaten (d. i. die Kardinflle Cer·
vine, Monte, Pole, woselbst zu vgl.) 2.
6. 25. 27. 28. 38. 45. 49. 84. 90. 91.
93-95. 98-103. 106·108. 110-113. 115-
117. 119-125. 128. 129. 131·135. 137·
140. 142. 144. 147. 149. 151. 153. 155.
157. 159. 171. 178-180. 182. 184. 186.
187. 192. 196. 198. 200. 201. 213. 222.
224. 230. 237. 238. 242-244. 247. 249.

, 250. 254. 255. 258. 262. 265. 266. 269.
271. 272. 278. 280. 291. 292. 295. 299.
300. 305. 306. 310. 311. 313. 316. 323.
342. 344-346. 356. 365. 374. 385. 391.

392. 394. 400. 407. 412. 423. 432. 433. ,

437. 442. 443. 452. 453. 457. 469. 470.
473. 494. 503. 508. 509. 512. 520. 532.
539. 547. 549. 553. 554. 559. 562. 566.
567. 573. 574. 577. 578. 579. 583. 585.
590. 597. 599. 602. 653. 654. 697. 701.
704. 710. 713. 716. —-— Agenten in Rom
244.

